0.517646 -0.000000 0.855595 29.235000
0.000000 -0.000000 1.000000 1240.777997
0.348230 -0.000000 0.937409 1234.911011
0.108361 0.326375 0.939008 1234.871010
-0.281838 0.201529 0.938058 1234.735004
-0.281855 -0.201251 0.938113 1234.591007
0.108372 -0.326106 0.939101 1234.629006
0.476321 0.341043 0.810437 1221.494964
-0.183095 0.553680 0.812351 1221.224972
-0.586871 0.000000 0.809680 1220.737976
-0.183125 -0.553475 0.812484 1220.830990
0.476368 -0.340785 0.810518 1221.251968
0.651703 -0.000000 0.758474 1215.924988
0.203676 0.615476 0.761384 1216.274990
-0.528686 0.378981 0.759516 1216.029968
-0.528745 -0.378730 0.759600 1215.760971
0.203716 -0.615286 0.761527 1215.823971
0.766785 0.331304 0.549799 1194.685013
0.558232 0.620463 0.550821 1195.053009
-0.082953 0.829150 0.552836 1194.882018
-0.426261 0.717082 0.551449 1195.067994
-0.816442 0.177303 0.549533 1194.216034
-0.816486 -0.177008 0.549563 1194.086033
-0.426355 -0.716931 0.551571 1194.548035
-0.082976 -0.829053 0.552979 1194.282042
0.558339 -0.620273 0.550926 1194.601990
0.766862 -0.331032 0.549855 1194.443009
0.875633 -0.000000 0.482977 1188.291016
0.274327 0.829877 0.485848 1188.505997
-0.710602 0.510656 0.484021 1188.111999
-0.710713 -0.510427 0.484098 1187.740997
0.274396 -0.829783 0.485970 1187.925980
0.789811 0.567942 0.231606 1163.350007
-0.305163 0.923393 0.232853 1163.144005
-0.972927 -0.000000 0.231112 1162.549042
-0.305250 -0.923347 0.232920 1162.506981
0.789946 -0.567737 0.231647 1162.956025
0.957350 0.208323 0.200208 1160.565010
0.500841 0.841825 0.201219 1160.860012
0.097618 0.974486 0.202108 1160.720028
-0.654304 0.729044 0.200950 1160.135983
-0.899185 0.388953 0.200457 1159.795025
-0.899294 -0.388688 0.200482 1159.516033
-0.654454 -0.728897 0.200997 1159.616024
0.097649 -0.974470 0.202173 1160.027035
0.500974 -0.841733 0.201273 1160.260036
0.957409 -0.208037 0.200220 1160.421013